{
 "cells": [
  {
   "cell_type": "markdown",
   "id": "5ab94aa7",
   "metadata": {},
   "source": [
    "Space to scratch out the mechanism for running all the processes I want to run on individual ROIs of classified cone mosaic data."
   ]
  },
  {
   "cell_type": "markdown",
   "id": "68778ea0",
   "metadata": {},
   "source": [
    "User Inputs (this will eventually be a .yml that the user edits and is read in by the single-mosaic-process executable)"
   ]
  },
  {
   "cell_type": "code",
   "execution_count": 1,
   "id": "f0bb4a37",
   "metadata": {},
   "outputs": [],
   "source": [
    "# Paths\n",
    "# -----\n",
    "# load and save folder. all coordinate and image data must be in the load folder ()\n",
    "# if there is already analyses for a mosaic that you want to add analyses to, it must \n",
    "# be located in the save file the same name as the coordinate file but with the save file-type\n",
    "data_path = 'C:\\\\Users\\\\schle\\Documents\\\\GitHub\\\\Incubator-2022-Geometry-of-Color\\\\CSV data all OCT locs Jan 2022\\\\'\n",
    "save_path = 'C:\\\\Users\\\\schle\\Documents\\\\Incubator Data\\\\'\n",
    "\n",
    "# settings that define the files that will be searched for in the load folder above.\n",
    "# processes indicated below will be run on all such files found. \n",
    "subject = ['AO001R', 'AO008R']\n",
    "angle = ['temporal', 'nasal', 'superior', 'inferior']\n",
    "eccentricity = ['1.5', '4', '10']\n",
    "conetype = ['all','L','M','S','unclassed']\n",
    "conetype_color = ['y','r','g','b','w']\n",
    "coord_unit = 'pixels' # units of the coordinate data loaded in - any string you want\n",
    "\n",
    "# Run settings\n",
    "# ------------\n",
    "# select single-mosaic processes to run\n",
    "# options: 'basic stats', 'intracone_dists', 'monteCarlo_Uniform', 'monteCarlo_coneLocked\n",
    "proc_to_run = {'intracone_dist', 'monteCarlo_uniform', 'monteCarlo_uniform_intracone_dist'}\n",
    "\n",
    "# indicate whether all processes requested will be run on all mosaics found fitting the inputs above,\n",
    "# or processes will only be run for a file if that process' outputs are not present in an identified save file\n",
    "data_to_run = 'absent_only' # 'all', absent_only\n",
    "\n",
    "# Process-specific Settings\n",
    "# -------------------------\n",
    "# intracone distance settings\n",
    "dist_area_norm = False # bool\n",
    "\n",
    "# monteCarlo_uniform and monteCarlo-coneLocked settings\n",
    "num_mc = 100 # number of monte carlo mosaics to generate"
   ]
  },
  {
   "cell_type": "markdown",
   "id": "efcc4f7c",
   "metadata": {},
   "source": [
    "Import packages, some additional hardcoded variables (move these to a settings file eventually), helpful type changes, and variable grouping. \n",
    "\n",
    "Some of cell would be contained in a separate configuration file, but most of the content from here on in the notebook needs to be contained in an executable.  "
   ]
  },
  {
   "cell_type": "code",
   "execution_count": 2,
   "id": "6835d4ce",
   "metadata": {},
   "outputs": [],
   "source": [
    "import numpy as np\n",
    "import matplotlib.pyplot as plt\n",
    "from scipy import spatial\n",
    "import os\n",
    "import h5py\n",
    "import importlib\n",
    "import glob\n",
    "import yaml\n",
    "import sys\n",
    "\n",
    "import mosaic_topog.utilities as util\n",
    "import mosaic_topog.flsyst as flsyst\n",
    "import mosaic_topog.show as show\n",
    "import mosaic_topog.calc as calc\n",
    "import mosaic_topog.singleMosaicProcesses as smp\n",
    "\n",
    "subject = np.asarray(subject)\n",
    "angle = np.asarray(angle)\n",
    "eccentricity = np.asarray(eccentricity)\n",
    "\n",
    "single_mosaic_savefl_config = 'savefl_config.yml'\n",
    "\n",
    "coord_fltype = '.csv'\n",
    "img_fltype = '.png'\n",
    "filetypes = [coord_fltype, img_fltype]\n",
    "\n",
    "conetype_sizes = [10, 10, 10, 30]\n",
    "\n",
    "\n",
    "bin_width = 10\n",
    "\n",
    "categories = [subject, angle, eccentricity]\n",
    "\n",
    "\n",
    "# set up for \"user_param,\" a dictionary that is passed to the process manager that\n",
    "# stores all the variables determined from the user's inputs\n",
    "user_param_keys = [\n",
    "                   'subject',\n",
    "                   'angle',\n",
    "                   'eccentricity',\n",
    "                   'conetype',\n",
    "                   'coord_unit',\n",
    "                   'bin_width',\n",
    "                   'dist_area_norm',\n",
    "                   'conetype_color',\n",
    "                   'num_mc'\n",
    "                   ]\n",
    "\n",
    "waitlist = [\n",
    "            'mosaic',\n",
    "            'coord_fl_name',\n",
    "            'coord_index',\n",
    "            'img_fl_name',\n",
    "            'img_index',\n",
    "            'save_name',\n",
    "            'processes'\n",
    "            ] # make sure that parameters in this list are set to user_parm downstream\n",
    "\n",
    "user_param = dict.fromkeys(user_param_keys)\n",
    "# most of these parameters have been set directly by the user, \n",
    "# a few need to be interpreted from the filesystem, however. \n",
    "for p in user_param:\n",
    "    user_param[p] = locals()[p]"
   ]
  },
  {
   "cell_type": "markdown",
   "id": "3defce98",
   "metadata": {},
   "source": [
    "Function scratch space"
   ]
  },
  {
   "cell_type": "code",
   "execution_count": null,
   "id": "44b32362",
   "metadata": {},
   "outputs": [],
   "source": []
  },
  {
   "cell_type": "code",
   "execution_count": 3,
   "id": "7b4a0946",
   "metadata": {},
   "outputs": [
    {
     "data": {
      "text/plain": [
       "<module 'mosaic_topog.show' from 'c:\\\\users\\\\schle\\\\documents\\\\github\\\\incubator-2022-geometry-of-color\\\\mosaic_topog\\\\mosaic_topog\\\\show.py'>"
      ]
     },
     "execution_count": 3,
     "metadata": {},
     "output_type": "execute_result"
    }
   ],
   "source": [
    "importlib.reload(flsyst)\n",
    "importlib.reload(smp)\n",
    "importlib.reload(calc)\n",
    "importlib.reload(show)"
   ]
  },
  {
   "cell_type": "markdown",
   "id": "3091d029",
   "metadata": {},
   "source": [
    "Get all possible coordinate filenames based on the user inputs and find the ones that exist in the folder. "
   ]
  },
  {
   "cell_type": "code",
   "execution_count": 4,
   "id": "a5c45dd7",
   "metadata": {},
   "outputs": [
    {
     "name": "stdout",
     "output_type": "stream",
     "text": [
      "found 110 files\n",
      "\n",
      "found 22 files\n",
      "\n"
     ]
    }
   ],
   "source": [
    "# fl_name is the output variable we care about for now -\n",
    "#     it's a list of all files found for combinations of the input parameters.\n",
    "\n",
    "# mosaic is a list of all the classified mosaics the located data come from\n",
    "# for instance a single mosaic may be mapped to mosaic coordinate files for \n",
    "# L, M, S, 'all', and 'unclassed' cone sub-mosaics \n",
    "\n",
    "# index is a dictionary for indexing through the list flnames according to:\n",
    "#     inputs to single_mosaic_processes - subject, angle, eccentricity, conetype_ids \n",
    "#     determined by single_mosaic_processes - \n",
    "\n",
    "mosaic, coord_fl_name, coord_index = flsyst.getFilesByDataGroup(data_path, user_param, '.csv')\n",
    "img_mosaic, img_fl_name, img_index = flsyst.getFilesByDataGroup(data_path, user_param, '.png')\n",
    "\n",
    "# Make list of expected save-file names for this data\n",
    "save_name = flsyst.saveNameFromLoadPath(coord_fl_name,save_path)\n"
   ]
  },
  {
   "cell_type": "markdown",
   "id": "61b9d589",
   "metadata": {},
   "source": [
    "Load in the configuration file that determines the Single_mosaic_processes save file structure"
   ]
  },
  {
   "cell_type": "code",
   "execution_count": 5,
   "id": "fd29b83f",
   "metadata": {},
   "outputs": [
    {
     "name": "stdout",
     "output_type": "stream",
     "text": [
      "mandatory_proc\n",
      "['meta', 'input_data']\n",
      "\n",
      "order_optional_proc\n",
      "['intracone_dist', 'monteCarlo_uniform', 'monteCarlo_uniform_intracone_dist']\n",
      "\n",
      "meta\n",
      "{'process': 'meta_process', 'variables': ['mosaic', 'subject', 'angle', 'eccentricity', 'conetype']}\n",
      "\n",
      "input_data\n",
      "{'process': 'input_data_process', 'variables': ['cone_img', 'cone_coord', 'coord_unit', 'conetype_color', 'bin_width', 'dist_area_norm', 'num_mc']}\n",
      "\n",
      "intracone_dist\n",
      "{'process': 'intracone_dist_process', 'variables': ['dist', 'mean_nearest', 'std_nearest', 'hist', 'bin_edge', 'annulus_area']}\n",
      "\n",
      "monteCarlo_uniform\n",
      "{'process': 'monteCarlo_uniform_process', 'variables': ['coord']}\n",
      "\n",
      "monteCarlo_uniform_intracone_dist\n",
      "{'process': 'monteCarlo_uniform_intracone_dist_process', 'dependency': None, 'variables': ['dist', 'mean_nearest', 'std_nearest', 'hist', 'bin_edge', 'annulus_area', 'mean_dist_hist', 'std_dist_hist']}\n",
      "\n"
     ]
    }
   ],
   "source": [
    "sav_cfg = flsyst.readYaml(single_mosaic_savefl_config)\n",
    "for key in sav_cfg.keys():\n",
    "    print(key)\n",
    "    print(sav_cfg[key])\n",
    "    print('')"
   ]
  },
  {
   "cell_type": "markdown",
   "id": "24de2669",
   "metadata": {},
   "source": [
    "If we want to run all the data, start processes.  Otherwise, read from the save folder to determine which data needs to be run through which processes -- then start processes. "
   ]
  },
  {
   "cell_type": "code",
   "execution_count": 6,
   "id": "1da05c40",
   "metadata": {},
   "outputs": [],
   "source": [
    "if data_to_run == 'all':\n",
    "    processes = {}\n",
    "    for proc in proc_to_run:\n",
    "        processes[proc] = np.arange(0,len(coord_fl_name)).tolist()\n",
    "elif data_to_run == 'absent_only':\n",
    "    processes = flsyst.getProcessesToRun(save_name, save_path, proc_to_run, sav_cfg)\n"
   ]
  },
  {
   "cell_type": "code",
   "execution_count": 7,
   "id": "2c9042fc",
   "metadata": {},
   "outputs": [
    {
     "name": "stdout",
     "output_type": "stream",
     "text": [
      "{'intracone_dist': array([], dtype=int32), 'monteCarlo_uniform': array([], dtype=int32), 'monteCarlo_uniform_intracone_dist': array([  0,   1,   2,   3,   4,   5,   6,   7,   8,   9,  10,  11,  12,\n",
      "        13,  14,  15,  16,  17,  18,  19,  20,  21,  22,  23,  24,  25,\n",
      "        26,  27,  28,  29,  30,  31,  32,  33,  34,  35,  36,  37,  38,\n",
      "        39,  40,  41,  42,  43,  44,  45,  46,  47,  48,  49,  50,  51,\n",
      "        52,  53,  54,  55,  56,  57,  58,  59,  60,  61,  62,  63,  64,\n",
      "        65,  66,  67,  68,  69,  70,  71,  72,  73,  74,  75,  76,  77,\n",
      "        78,  79,  80,  81,  82,  83,  84,  85,  86,  87,  88,  89,  90,\n",
      "        91,  92,  93,  94,  95,  96,  97,  98,  99, 100, 101, 102, 103,\n",
      "       104, 105, 106, 107, 108, 109])}\n"
     ]
    }
   ],
   "source": [
    "print(processes)\n",
    "\n",
    "for p in waitlist:\n",
    "    user_param[p] = vars()[p]\n",
    "    \n",
    "# for p in user_param:\n",
    "#     print(p)\n",
    "#     print(user_param[p])\n",
    "#     print('')"
   ]
  },
  {
   "cell_type": "code",
   "execution_count": 8,
   "id": "8e4b30ed",
   "metadata": {
    "scrolled": true
   },
   "outputs": [
    {
     "name": "stdout",
     "output_type": "stream",
     "text": [
      "cone_img\n",
      "(225, 244)\n",
      "\n",
      "cone_coord\n",
      "(1470, 2)\n",
      "\n",
      "cone_img\n",
      "(225, 244)\n",
      "\n",
      "cone_coord\n",
      "(960, 2)\n",
      "\n",
      "cone_img\n",
      "(225, 244)\n",
      "\n",
      "cone_coord\n",
      "(430, 2)\n",
      "\n",
      "cone_img\n",
      "(225, 244)\n",
      "\n",
      "cone_coord\n",
      "(80, 2)\n",
      "\n",
      "cone_img\n",
      "(225, 244)\n",
      "\n",
      "cone_coord\n",
      "(0,)\n",
      "\n",
      "cone_img\n",
      "(293, 356)\n",
      "\n",
      "cone_coord\n",
      "(548, 2)\n",
      "\n",
      "cone_img\n",
      "(293, 356)\n",
      "\n",
      "cone_coord\n",
      "(373, 2)\n",
      "\n",
      "cone_img\n",
      "(293, 356)\n",
      "\n",
      "cone_coord\n",
      "(130, 2)\n",
      "\n",
      "cone_img\n",
      "(293, 356)\n",
      "\n",
      "cone_coord\n",
      "(44, 2)\n",
      "\n",
      "cone_img\n",
      "(293, 356)\n",
      "\n",
      "cone_coord\n",
      "(2,)\n",
      "\n",
      "cone_img\n",
      "(420, 260)\n",
      "\n",
      "cone_coord\n",
      "(2323, 2)\n",
      "\n",
      "cone_img\n",
      "(420, 260)\n",
      "\n",
      "cone_coord\n",
      "(1471, 2)\n",
      "\n",
      "cone_img\n",
      "(420, 260)\n",
      "\n",
      "cone_coord\n",
      "(693, 2)\n",
      "\n",
      "cone_img\n",
      "(420, 260)\n",
      "\n",
      "cone_coord\n",
      "(138, 2)\n",
      "\n",
      "cone_img\n",
      "(420, 260)\n",
      "\n",
      "cone_coord\n",
      "(21, 2)\n",
      "\n",
      "cone_img\n",
      "(507, 366)\n",
      "\n"
     ]
    },
    {
     "name": "stderr",
     "output_type": "stream",
     "text": [
      "c:\\users\\schle\\documents\\github\\incubator-2022-geometry-of-color\\mosaic_topog\\mosaic_topog\\singleMosaicProcesses.py:182: UserWarning: loadtxt: Empty input file: \"C:\\Users\\schle\\Documents\\GitHub\\Incubator-2022-Geometry-of-Color\\CSV data all OCT locs Jan 2022\\AO001R_temporal_1.5_unclassed.csv\"\n",
      "  data_to_set[var] = (np.loadtxt(param['coord_fl'], delimiter=','))\n"
     ]
    },
    {
     "name": "stdout",
     "output_type": "stream",
     "text": [
      "cone_coord\n",
      "(1655, 2)\n",
      "\n",
      "cone_img\n",
      "(507, 366)\n",
      "\n",
      "cone_coord\n",
      "(1087, 2)\n",
      "\n",
      "cone_img\n",
      "(507, 366)\n",
      "\n",
      "cone_coord\n",
      "(445, 2)\n",
      "\n",
      "cone_img\n",
      "(507, 366)\n",
      "\n",
      "cone_coord\n",
      "(115, 2)\n",
      "\n",
      "cone_img\n",
      "(507, 366)\n",
      "\n",
      "cone_coord\n",
      "(8, 2)\n",
      "\n",
      "cone_img\n",
      "(495, 368)\n",
      "\n",
      "cone_coord\n",
      "(872, 2)\n",
      "\n",
      "cone_img\n",
      "(495, 368)\n",
      "\n",
      "cone_coord\n",
      "(524, 2)\n",
      "\n",
      "cone_img\n",
      "(495, 368)\n",
      "\n",
      "cone_coord\n",
      "(228, 2)\n",
      "\n",
      "cone_img\n",
      "(495, 368)\n",
      "\n",
      "cone_coord\n",
      "(95, 2)\n",
      "\n",
      "cone_img\n",
      "(495, 368)\n",
      "\n",
      "cone_coord\n",
      "(25, 2)\n",
      "\n",
      "cone_img\n",
      "(502, 288)\n",
      "\n",
      "cone_coord\n",
      "(1965, 2)\n",
      "\n",
      "cone_img\n",
      "(502, 288)\n",
      "\n",
      "cone_coord\n",
      "(1307, 2)\n",
      "\n",
      "cone_img\n",
      "(502, 288)\n",
      "\n",
      "cone_coord\n",
      "(539, 2)\n",
      "\n",
      "cone_img\n",
      "(502, 288)\n",
      "\n",
      "cone_coord\n",
      "(97, 2)\n",
      "\n",
      "cone_img\n",
      "(502, 288)\n",
      "\n",
      "cone_coord\n",
      "(22, 2)\n",
      "\n",
      "cone_img\n",
      "(421, 383)\n",
      "\n",
      "cone_coord\n",
      "(1215, 2)\n",
      "\n",
      "cone_img\n",
      "(421, 383)\n",
      "\n",
      "cone_coord\n",
      "(781, 2)\n",
      "\n",
      "cone_img\n",
      "(421, 383)\n",
      "\n",
      "cone_coord\n",
      "(352, 2)\n",
      "\n",
      "cone_img\n",
      "(421, 383)\n",
      "\n",
      "cone_coord\n",
      "(69, 2)\n",
      "\n",
      "cone_img\n",
      "(421, 383)\n",
      "\n",
      "cone_coord\n",
      "(13, 2)\n",
      "\n",
      "cone_img\n",
      "(298, 264)\n",
      "\n",
      "cone_coord\n",
      "(447, 2)\n",
      "\n",
      "cone_img\n",
      "(298, 264)\n",
      "\n",
      "cone_coord\n",
      "(276, 2)\n",
      "\n",
      "cone_img\n",
      "(298, 264)\n",
      "\n",
      "cone_coord\n",
      "(138, 2)\n",
      "\n",
      "cone_img\n",
      "(298, 264)\n",
      "\n",
      "cone_coord\n",
      "(30, 2)\n",
      "\n",
      "cone_img\n",
      "(298, 264)\n",
      "\n",
      "cone_coord\n",
      "(3, 2)\n",
      "\n",
      "cone_img\n",
      "(446, 312)\n",
      "\n",
      "cone_coord\n",
      "(3246, 2)\n",
      "\n",
      "cone_img\n",
      "(446, 312)\n",
      "\n",
      "cone_coord\n",
      "(2123, 2)\n",
      "\n",
      "cone_img\n",
      "(446, 312)\n",
      "\n",
      "cone_coord\n",
      "(940, 2)\n",
      "\n",
      "cone_img\n",
      "(446, 312)\n",
      "\n",
      "cone_coord\n",
      "(171, 2)\n",
      "\n",
      "cone_img\n",
      "(446, 312)\n",
      "\n",
      "cone_coord\n",
      "(12, 2)\n",
      "\n",
      "cone_img\n",
      "(507, 366)\n",
      "\n",
      "cone_coord\n",
      "(1655, 2)\n",
      "\n",
      "cone_img\n",
      "(507, 366)\n",
      "\n",
      "cone_coord\n",
      "(1087, 2)\n",
      "\n",
      "cone_img\n",
      "(507, 366)\n",
      "\n",
      "cone_coord\n",
      "(445, 2)\n",
      "\n",
      "cone_img\n",
      "(507, 366)\n",
      "\n",
      "cone_coord\n",
      "(115, 2)\n",
      "\n",
      "cone_img\n",
      "(507, 366)\n",
      "\n",
      "cone_coord\n",
      "(8, 2)\n",
      "\n",
      "cone_img\n",
      "(548, 404)\n",
      "\n",
      "cone_coord\n",
      "(1109, 2)\n",
      "\n",
      "cone_img\n",
      "(548, 404)\n",
      "\n",
      "cone_coord\n",
      "(732, 2)\n",
      "\n",
      "cone_img\n",
      "(548, 404)\n",
      "\n",
      "cone_coord\n",
      "(232, 2)\n",
      "\n",
      "cone_img\n",
      "(548, 404)\n",
      "\n",
      "cone_coord\n",
      "(126, 2)\n",
      "\n",
      "cone_img\n",
      "(548, 404)\n",
      "\n",
      "cone_coord\n",
      "(19, 2)\n",
      "\n",
      "cone_img\n",
      "(473, 343)\n",
      "\n",
      "cone_coord\n",
      "(3545, 2)\n",
      "\n",
      "cone_img\n",
      "(473, 343)\n",
      "\n",
      "cone_coord\n",
      "(2294, 2)\n",
      "\n",
      "cone_img\n",
      "(473, 343)\n",
      "\n",
      "cone_coord\n",
      "(1059, 2)\n",
      "\n",
      "cone_img\n",
      "(473, 343)\n",
      "\n",
      "cone_coord\n",
      "(167, 2)\n",
      "\n",
      "cone_img\n",
      "(473, 343)\n",
      "\n",
      "cone_coord\n",
      "(25, 2)\n",
      "\n",
      "cone_img\n",
      "(255, 314)\n",
      "\n",
      "cone_coord\n",
      "(375, 2)\n",
      "\n",
      "cone_img\n",
      "(255, 314)\n",
      "\n",
      "cone_coord\n",
      "(236, 2)\n",
      "\n",
      "cone_img\n",
      "(255, 314)\n",
      "\n",
      "cone_coord\n",
      "(109, 2)\n",
      "\n",
      "cone_img\n",
      "(255, 314)\n",
      "\n",
      "cone_coord\n",
      "(29, 2)\n",
      "\n",
      "cone_img\n",
      "(255, 314)\n",
      "\n",
      "cone_coord\n",
      "(2,)\n",
      "\n",
      "cone_img\n",
      "(478, 300)\n",
      "\n",
      "cone_coord\n",
      "(2538, 2)\n",
      "\n",
      "cone_img\n",
      "(478, 300)\n",
      "\n",
      "cone_coord\n",
      "(1591, 2)\n",
      "\n",
      "cone_img\n",
      "(478, 300)\n",
      "\n",
      "cone_coord\n",
      "(785, 2)\n",
      "\n",
      "cone_img\n",
      "(478, 300)\n",
      "\n",
      "cone_coord\n",
      "(144, 2)\n",
      "\n",
      "cone_img\n",
      "(478, 300)\n",
      "\n",
      "cone_coord\n",
      "(18, 2)\n",
      "\n",
      "cone_img\n",
      "(540, 389)\n",
      "\n",
      "cone_coord\n",
      "(1653, 2)\n",
      "\n",
      "cone_img\n",
      "(540, 389)\n",
      "\n",
      "cone_coord\n",
      "(1101, 2)\n",
      "\n",
      "cone_img\n",
      "(540, 389)\n",
      "\n",
      "cone_coord\n",
      "(473, 2)\n",
      "\n",
      "cone_img\n",
      "(540, 389)\n",
      "\n",
      "cone_coord\n",
      "(77, 2)\n",
      "\n",
      "cone_img\n",
      "(540, 389)\n",
      "\n",
      "cone_coord\n",
      "(2, 2)\n",
      "\n",
      "cone_img\n",
      "(486, 334)\n",
      "\n",
      "cone_coord\n",
      "(832, 2)\n",
      "\n",
      "cone_img\n",
      "(486, 334)\n",
      "\n",
      "cone_coord\n",
      "(526, 2)\n",
      "\n",
      "cone_img\n",
      "(486, 334)\n",
      "\n",
      "cone_coord\n",
      "(247, 2)\n",
      "\n",
      "cone_img\n",
      "(486, 334)\n",
      "\n",
      "cone_coord\n",
      "(54, 2)\n",
      "\n",
      "cone_img\n",
      "(486, 334)\n",
      "\n",
      "cone_coord\n",
      "(5, 2)\n",
      "\n",
      "cone_img\n",
      "(478, 264)\n",
      "\n",
      "cone_coord\n",
      "(1809, 2)\n",
      "\n",
      "cone_img\n",
      "(478, 264)\n",
      "\n",
      "cone_coord\n",
      "(1103, 2)\n",
      "\n",
      "cone_img\n",
      "(478, 264)\n",
      "\n",
      "cone_coord\n",
      "(596, 2)\n",
      "\n",
      "cone_img\n",
      "(478, 264)\n",
      "\n",
      "cone_coord\n",
      "(74, 2)\n",
      "\n",
      "cone_img\n",
      "(478, 264)\n",
      "\n",
      "cone_coord\n",
      "(36, 2)\n",
      "\n",
      "cone_img\n",
      "(427, 380)\n",
      "\n",
      "cone_coord\n",
      "(937, 2)\n",
      "\n",
      "cone_img\n",
      "(427, 380)\n",
      "\n",
      "cone_coord\n",
      "(541, 2)\n",
      "\n",
      "cone_img\n",
      "(427, 380)\n",
      "\n",
      "cone_coord\n",
      "(313, 2)\n",
      "\n",
      "cone_img\n",
      "(427, 380)\n",
      "\n",
      "cone_coord\n",
      "(41, 2)\n",
      "\n",
      "cone_img\n",
      "(427, 380)\n",
      "\n",
      "cone_coord\n",
      "(42, 2)\n",
      "\n",
      "cone_img\n",
      "(521, 398)\n",
      "\n",
      "cone_coord\n",
      "(785, 2)\n",
      "\n",
      "cone_img\n",
      "(521, 398)\n",
      "\n",
      "cone_coord\n",
      "(487, 2)\n",
      "\n",
      "cone_img\n",
      "(521, 398)\n",
      "\n",
      "cone_coord\n",
      "(251, 2)\n",
      "\n",
      "cone_img\n",
      "(521, 398)\n",
      "\n",
      "cone_coord\n",
      "(44, 2)\n",
      "\n",
      "cone_img\n",
      "(521, 398)\n",
      "\n",
      "cone_coord\n",
      "(3, 2)\n",
      "\n",
      "cone_img\n",
      "(494, 269)\n",
      "\n",
      "cone_coord\n",
      "(2092, 2)\n",
      "\n",
      "cone_img\n",
      "(494, 269)\n",
      "\n",
      "cone_coord\n",
      "(1262, 2)\n",
      "\n",
      "cone_img\n",
      "(494, 269)\n",
      "\n",
      "cone_coord\n",
      "(665, 2)\n",
      "\n",
      "cone_img\n",
      "(494, 269)\n",
      "\n",
      "cone_coord\n",
      "(109, 2)\n",
      "\n",
      "cone_img\n",
      "(494, 269)\n",
      "\n",
      "cone_coord\n",
      "(56, 2)\n",
      "\n",
      "cone_img\n",
      "(528, 361)\n",
      "\n",
      "cone_coord\n",
      "(1137, 2)\n",
      "\n",
      "cone_img\n",
      "(528, 361)\n",
      "\n",
      "cone_coord\n",
      "(704, 2)\n",
      "\n",
      "cone_img\n",
      "(528, 361)\n",
      "\n",
      "cone_coord\n",
      "(346, 2)\n",
      "\n",
      "cone_img\n",
      "(528, 361)\n",
      "\n",
      "cone_coord\n",
      "(80, 2)\n",
      "\n",
      "cone_img\n",
      "(528, 361)\n",
      "\n",
      "cone_coord\n",
      "(7, 2)\n",
      "\n",
      "cone_img\n",
      "(459, 343)\n",
      "\n",
      "cone_coord\n",
      "(635, 2)\n",
      "\n",
      "cone_img\n",
      "(459, 343)\n",
      "\n",
      "cone_coord\n",
      "(383, 2)\n",
      "\n",
      "cone_img\n",
      "(459, 343)\n",
      "\n",
      "cone_coord\n",
      "(188, 2)\n",
      "\n",
      "cone_img\n",
      "(459, 343)\n",
      "\n",
      "cone_coord\n",
      "(55, 2)\n",
      "\n",
      "cone_img\n",
      "(459, 343)\n",
      "\n",
      "cone_coord\n",
      "(9, 2)\n",
      "\n",
      "['intracone_dist', 'monteCarlo_uniform', 'monteCarlo_uniform_intracone_dist']\n",
      "Running process \"intracone_dist\" on 0 mosaic coordinate files...\n",
      "intracone_dist_process\n",
      "Running process \"monteCarlo_uniform\" on 0 mosaic coordinate files...\n",
      "monteCarlo_uniform_process\n",
      "Running process \"monteCarlo_uniform_intracone_dist\" on 110 mosaic coordinate files...\n",
      "monteCarlo_uniform_intracone_dist_process\n",
      "C:\\Users\\schle\\Documents\\Incubator Data\\AO001R_temporal_1.5_all.hdf5\n",
      "[[[ -1.          63.04919497 106.56149562 ... 117.00864519  32.39611322\n",
      "   100.61660417]\n",
      "  [ 63.04919497  -1.          59.07293531 ... 176.2999845   51.94238543\n",
      "    74.57962302]\n",
      "  [106.56149562  59.07293531  -1.         ... 200.29817793 107.80719606\n",
      "    35.57294567]\n",
      "  ...\n",
      "  [117.00864519 176.2999845  200.29817793 ...  -1.         145.8100384\n",
      "   175.97889683]\n",
      "  [ 32.39611322  51.94238543 107.80719606 ... 145.8100384   -1.\n",
      "   112.42328885]\n",
      "  [100.61660417  74.57962302  35.57294567 ... 175.97889683 112.42328885\n",
      "    -1.        ]]\n",
      "\n",
      " [[ -1.          27.84350884  75.06773324 ... 126.18750699 123.11632489\n",
      "    48.00985888]\n",
      "  [ 27.84350884  -1.          87.04368477 ... 128.26698233 104.09368127\n",
      "    73.24044078]\n",
      "  [ 75.06773324  87.04368477  -1.         ...  59.67948935 112.94380578\n",
      "    99.09740815]\n",
      "  ...\n",
      "  [126.18750699 128.26698233  59.67948935 ...  -1.          97.49748486\n",
      "   157.75018616]\n",
      "  [123.11632489 104.09368127 112.94380578 ...  97.49748486  -1.\n",
      "   170.53007564]\n",
      "  [ 48.00985888  73.24044078  99.09740815 ... 157.75018616 170.53007564\n",
      "    -1.        ]]\n",
      "\n",
      " [[ -1.         168.88903443 115.60364244 ... 216.46745308 146.05993587\n",
      "   123.42308708]\n",
      "  [168.88903443  -1.         118.59735375 ... 107.60879773 183.74688934\n",
      "    91.28421105]\n",
      "  [115.60364244 118.59735375  -1.         ... 109.3267026   66.70458568\n",
      "    27.63539193]\n",
      "  ...\n",
      "  [216.46745308 107.60879773 109.3267026  ...  -1.         144.89462089\n",
      "    93.33525173]\n",
      "  [146.05993587 183.74688934  66.70458568 ... 144.89462089  -1.\n",
      "    92.75264208]\n",
      "  [123.42308708  91.28421105  27.63539193 ...  93.33525173  92.75264208\n",
      "    -1.        ]]\n",
      "\n",
      " ...\n",
      "\n",
      " [[ -1.         100.22355194  92.13966158 ... 126.09602585 210.35732504\n",
      "   168.30997503]\n",
      "  [100.22355194  -1.         159.08855562 ...  90.60545017 246.84741909\n",
      "   195.37889378]\n",
      "  [ 92.13966158 159.08855562  -1.         ... 122.34773008 122.01854798\n",
      "    89.62068807]\n",
      "  ...\n",
      "  [126.09602585  90.60545017 122.34773008 ...  -1.         169.36685901\n",
      "   117.51592172]\n",
      "  [210.35732504 246.84741909 122.01854798 ... 169.36685901  -1.\n",
      "    52.13904467]\n",
      "  [168.30997503 195.37889378  89.62068807 ... 117.51592172  52.13904467\n",
      "    -1.        ]]\n",
      "\n",
      " [[ -1.          26.21165213 132.05119238 ... 194.66254632 173.24171666\n",
      "   141.81398241]\n",
      "  [ 26.21165213  -1.         122.71892829 ... 220.5316233  165.01815498\n",
      "   142.86694227]\n",
      "  [132.05119238 122.71892829  -1.         ... 264.28590184  42.40803937\n",
      "    56.1003694 ]\n",
      "  ...\n",
      "  [194.66254632 220.5316233  264.28590184 ...  -1.         287.39239228\n",
      "   226.67542672]\n",
      "  [173.24171666 165.01815498  42.40803937 ... 287.39239228  -1.\n",
      "    61.61873097]\n",
      "  [141.81398241 142.86694227  56.1003694  ... 226.67542672  61.61873097\n",
      "    -1.        ]]\n",
      "\n",
      " [[ -1.          19.69828506 128.51930205 ... 173.63315112 164.58190806\n",
      "   140.22424846]\n",
      "  [ 19.69828506  -1.         123.29119501 ... 154.71892823 146.9982634\n",
      "   120.85101784]\n",
      "  [128.51930205 123.29119501  -1.         ... 145.23475948 218.35998237\n",
      "   172.96924698]\n",
      "  ...\n",
      "  [173.63315112 154.71892823 145.23475948 ...  -1.         117.33806808\n",
      "    75.24620642]\n",
      "  [164.58190806 146.9982634  218.35998237 ... 117.33806808  -1.\n",
      "    47.74363322]\n",
      "  [140.22424846 120.85101784 172.96924698 ...  75.24620642  47.74363322\n",
      "    -1.        ]]]\n",
      "<class 'numpy.ndarray'>\n",
      "\n",
      "dist\n",
      "(10, 1470, 1470)\n",
      "\n",
      "mean_nearest\n",
      "(10,)\n",
      "\n",
      "std_nearest\n",
      "(10,)\n",
      "\n",
      "hist\n",
      "(10, 34)\n",
      "\n",
      "bin_edge\n",
      "(35,)\n",
      "\n",
      "annulus_area\n",
      "(34,)\n",
      "\n",
      "mean_dist_hist\n",
      "(34,)\n",
      "\n",
      "std_dist_hist\n",
      "(34,)\n",
      "\n",
      "C:\\Users\\schle\\Documents\\Incubator Data\\AO001R_temporal_1.5_L.hdf5\n",
      "[[[ -1.         188.22439534  37.09413258 ... 185.7230326  195.87774419\n",
      "   173.70126297]\n",
      "  [188.22439534  -1.         203.15842361 ...  22.87163657  11.03161232\n",
      "   203.65266847]\n",
      "  [ 37.09413258 203.15842361  -1.         ... 196.62564901 209.335138\n",
      "   210.75387471]\n",
      "  ...\n",
      "  [185.7230326   22.87163657 196.62564901 ...  -1.          18.371279\n",
      "   219.80438652]\n",
      "  [195.87774419  11.03161232 209.335138   ...  18.371279    -1.\n",
      "   214.6416212 ]\n",
      "  [173.70126297 203.65266847 210.75387471 ... 219.80438652 214.6416212\n",
      "    -1.        ]]\n",
      "\n",
      " [[ -1.          36.53672126  44.54957462 ... 182.85388782  51.58452894\n",
      "   107.6929863 ]\n",
      "  [ 36.53672126  -1.          62.02892963 ... 203.8527544   50.09619742\n",
      "   127.18132891]\n",
      "  [ 44.54957462  62.02892963  -1.         ... 142.22921651  27.77937345\n",
      "    65.68061622]\n",
      "  ...\n",
      "  [182.85388782 203.8527544  142.22921651 ...  -1.         157.92134356\n",
      "    76.67199518]\n",
      "  [ 51.58452894  50.09619742  27.77937345 ... 157.92134356  -1.\n",
      "    82.22040572]\n",
      "  [107.6929863  127.18132891  65.68061622 ...  76.67199518  82.22040572\n",
      "    -1.        ]]\n",
      "\n",
      " [[ -1.         196.9562746  234.7669811  ... 115.13841046  35.51332331\n",
      "   134.63804419]\n",
      "  [196.9562746   -1.          59.64210324 ... 200.10170869 166.35346556\n",
      "   180.08990685]\n",
      "  [234.7669811   59.64210324  -1.         ... 255.94249648 200.75858857\n",
      "   238.08785794]\n",
      "  ...\n",
      "  [115.13841046 200.10170869 255.94249648 ...  -1.         127.57220134\n",
      "    32.77371716]\n",
      "  [ 35.51332331 166.35346556 200.75858857 ... 127.57220134  -1.\n",
      "   139.39820639]\n",
      "  [134.63804419 180.08990685 238.08785794 ...  32.77371716 139.39820639\n",
      "    -1.        ]]\n",
      "\n",
      " ...\n",
      "\n",
      " [[ -1.         134.48931105 128.7920294  ...  94.20966224  91.78113989\n",
      "    77.72156844]\n",
      "  [134.48931105  -1.         177.62526387 ... 228.69512218 202.9403442\n",
      "   131.78044307]\n",
      "  [128.7920294  177.62526387  -1.         ... 167.14075471  85.6964168\n",
      "    56.3702455 ]\n",
      "  ...\n",
      "  [ 94.20966224 228.69512218 167.14075471 ...  -1.          84.764723\n",
      "   140.7689087 ]\n",
      "  [ 91.78113989 202.9403442   85.6964168  ...  84.764723    -1.\n",
      "    79.69288111]\n",
      "  [ 77.72156844 131.78044307  56.3702455  ... 140.7689087   79.69288111\n",
      "    -1.        ]]\n",
      "\n",
      " [[ -1.         141.30474959  53.49724659 ... 111.35660572  19.649648\n",
      "    67.63899755]\n",
      "  [141.30474959  -1.         192.15474091 ...  64.32165206 135.97794453\n",
      "   106.93080316]\n",
      "  [ 53.49724659 192.15474091  -1.         ... 164.7153665   67.98720904\n",
      "   100.78383433]\n",
      "  ...\n",
      "  [111.35660572  64.32165206 164.7153665  ...  -1.          98.22066001\n",
      "   112.04950183]\n",
      "  [ 19.649648   135.97794453  67.98720904 ...  98.22066001  -1.\n",
      "    78.56351092]\n",
      "  [ 67.63899755 106.93080316 100.78383433 ... 112.04950183  78.56351092\n",
      "    -1.        ]]\n",
      "\n",
      " [[ -1.         251.99426424 129.7839552  ...  84.14928839 121.52467972\n",
      "    22.36661423]\n",
      "  [251.99426424  -1.         151.81250052 ... 178.02088226 202.80954929\n",
      "   233.30186111]\n",
      "  [129.7839552  151.81250052  -1.         ... 102.86518176  52.52209141\n",
      "   120.43663979]\n",
      "  ...\n",
      "  [ 84.14928839 178.02088226 102.86518176 ...  -1.         130.24541959\n",
      "    62.10693432]\n",
      "  [121.52467972 202.80954929  52.52209141 ... 130.24541959  -1.\n",
      "   121.46185105]\n",
      "  [ 22.36661423 233.30186111 120.43663979 ...  62.10693432 121.46185105\n",
      "    -1.        ]]]\n",
      "<class 'numpy.ndarray'>\n",
      "\n",
      "dist\n",
      "(10, 960, 960)\n",
      "\n",
      "mean_nearest\n",
      "(10,)\n",
      "\n",
      "std_nearest\n",
      "(10,)\n",
      "\n",
      "hist\n",
      "(10, 34)\n",
      "\n",
      "bin_edge\n",
      "(35,)\n",
      "\n",
      "annulus_area\n",
      "(34,)\n",
      "\n",
      "mean_dist_hist\n",
      "(34,)\n",
      "\n",
      "std_dist_hist\n",
      "(34,)\n",
      "\n",
      "C:\\Users\\schle\\Documents\\Incubator Data\\AO001R_temporal_1.5_M.hdf5\n"
     ]
    },
    {
     "name": "stdout",
     "output_type": "stream",
     "text": [
      "[[[ -1.         157.7584313  177.11882604 ... 168.42310508 105.23542022\n",
      "   150.15549109]\n",
      "  [157.7584313   -1.          37.44298514 ...  11.028892    78.3930059\n",
      "   220.14751366]\n",
      "  [177.11882604  37.44298514  -1.         ...  37.11137961  80.34058194\n",
      "   255.34749517]\n",
      "  ...\n",
      "  [168.42310508  11.028892    37.11137961 ...  -1.          88.7812952\n",
      "   226.14392771]\n",
      "  [105.23542022  78.3930059   80.34058194 ...  88.7812952   -1.\n",
      "   219.40963866]\n",
      "  [150.15549109 220.14751366 255.34749517 ... 226.14392771 219.40963866\n",
      "    -1.        ]]\n",
      "\n",
      " [[ -1.          48.52902467 132.88288985 ... 168.48535355  48.4450469\n",
      "    73.53833173]\n",
      "  [ 48.52902467  -1.         115.28762636 ... 145.37031678  16.88708521\n",
      "    99.99522004]\n",
      "  [132.88288985 115.28762636  -1.         ...  37.55702147  99.6654517\n",
      "   102.06187891]\n",
      "  ...\n",
      "  [168.48535355 145.37031678  37.55702147 ...  -1.         131.12186977\n",
      "   138.98473867]\n",
      "  [ 48.4450469   16.88708521  99.6654517  ... 131.12186977  -1.\n",
      "    86.7817105 ]\n",
      "  [ 73.53833173  99.99522004 102.06187891 ... 138.98473867  86.7817105\n",
      "    -1.        ]]\n",
      "\n",
      " [[ -1.         136.6372692  179.53529601 ... 109.64379407 184.89839688\n",
      "    79.581793  ]\n",
      "  [136.6372692   -1.         176.90278704 ... 211.53425909  98.86258893\n",
      "    59.14070201]\n",
      "  [179.53529601 176.90278704  -1.         ... 140.58262934 109.54242965\n",
      "   152.88524888]\n",
      "  ...\n",
      "  [109.64379407 211.53425909 140.58262934 ...  -1.         209.08871224\n",
      "   155.42145706]\n",
      "  [184.89839688  98.86258893 109.54242965 ... 209.08871224  -1.\n",
      "   115.8378483 ]\n",
      "  [ 79.581793    59.14070201 152.88524888 ... 155.42145706 115.8378483\n",
      "    -1.        ]]\n",
      "\n",
      " ...\n",
      "\n",
      " [[ -1.         104.83671736  56.84698106 ... 197.94875179 167.03193088\n",
      "   139.93345281]\n",
      "  [104.83671736  -1.          93.0866622  ... 118.93277671  67.17791592\n",
      "    47.62381039]\n",
      "  [ 56.84698106  93.0866622   -1.         ... 153.04572361 160.15209791\n",
      "   109.31526764]\n",
      "  ...\n",
      "  [197.94875179 118.93277671 153.04572361 ...  -1.         130.4036295\n",
      "    71.6103861 ]\n",
      "  [167.03193088  67.17791592 160.15209791 ... 130.4036295   -1.\n",
      "    74.613035  ]\n",
      "  [139.93345281  47.62381039 109.31526764 ...  71.6103861   74.613035\n",
      "    -1.        ]]\n",
      "\n",
      " [[ -1.          46.45141681 143.71699451 ... 180.59843483  97.53448465\n",
      "   181.67598245]\n",
      "  [ 46.45141681  -1.          97.75305562 ... 164.26527616 123.73913639\n",
      "   157.71888897]\n",
      "  [143.71699451  97.75305562  -1.         ... 186.58924308 210.73534348\n",
      "   164.27488897]\n",
      "  ...\n",
      "  [180.59843483 164.26527616 186.58924308 ...  -1.         141.87658481\n",
      "    31.25539223]\n",
      "  [ 97.53448465 123.73913639 210.73534348 ... 141.87658481  -1.\n",
      "   159.60168936]\n",
      "  [181.67598245 157.71888897 164.27488897 ...  31.25539223 159.60168936\n",
      "    -1.        ]]\n",
      "\n",
      " [[ -1.         129.59642026  59.89530539 ... 117.14732516 177.95727194\n",
      "   161.2704128 ]\n",
      "  [129.59642026  -1.         180.82697005 ... 176.60473012  68.17310013\n",
      "    31.76321997]\n",
      "  [ 59.89530539 180.82697005  -1.         ... 160.02071417 235.32094238\n",
      "   211.4845156 ]\n",
      "  ...\n",
      "  [117.14732516 176.60473012 160.02071417 ...  -1.         182.32945042\n",
      "   202.94716729]\n",
      "  [177.95727194  68.17310013 235.32094238 ... 182.32945042  -1.\n",
      "    58.77087202]\n",
      "  [161.2704128   31.76321997 211.4845156  ... 202.94716729  58.77087202\n",
      "    -1.        ]]]\n",
      "<class 'numpy.ndarray'>\n",
      "\n",
      "dist\n",
      "(10, 430, 430)\n",
      "\n",
      "mean_nearest\n",
      "(10,)\n",
      "\n",
      "std_nearest\n",
      "(10,)\n",
      "\n",
      "hist\n",
      "(10, 34)\n",
      "\n",
      "bin_edge\n",
      "(35,)\n",
      "\n",
      "annulus_area\n",
      "(34,)\n",
      "\n",
      "mean_dist_hist\n",
      "(34,)\n",
      "\n",
      "std_dist_hist\n",
      "(34,)\n",
      "\n",
      "C:\\Users\\schle\\Documents\\Incubator Data\\AO001R_temporal_1.5_S.hdf5\n",
      "[[[ -1.         145.62438224 108.22707418 ...  38.40665571  30.84766692\n",
      "    48.27338566]\n",
      "  [145.62438224  -1.         100.58832453 ... 180.43346731 132.57963728\n",
      "   179.63026054]\n",
      "  [108.22707418 100.58832453  -1.         ... 145.57959696 119.0297328\n",
      "   114.3754658 ]\n",
      "  ...\n",
      "  [ 38.40665571 180.43346731 145.57959696 ...  -1.          50.35405858\n",
      "    56.01996746]\n",
      "  [ 30.84766692 132.57963728 119.0297328  ...  50.35405858  -1.\n",
      "    78.94977749]\n",
      "  [ 48.27338566 179.63026054 114.3754658  ...  56.01996746  78.94977749\n",
      "    -1.        ]]\n",
      "\n",
      " [[ -1.         166.95186065 190.68835463 ... 201.74158774 123.29016985\n",
      "    37.45157029]\n",
      "  [166.95186065  -1.          44.37791416 ...  34.81497225  94.09572525\n",
      "   134.90032623]\n",
      "  [190.68835463  44.37791416  -1.         ...  44.03674833  88.75903787\n",
      "   154.94053985]\n",
      "  ...\n",
      "  [201.74158774  34.81497225  44.03674833 ...  -1.         121.4532013\n",
      "   169.6098445 ]\n",
